1743.91
1743.91
1743.91
6.72
6.72
17.70
17.70
11.80
5.04
5.04
5.04
6.39
1783.24
1783.24
1783.24
11.26
11.26
11.26
11.26
5.05
5.05
5.05
5.05
5.03
5.03
5.03
5.03
5.85
5.85
5.85
1819.90
1819.90
4.99
5.21
7.31
7.31
7.31
5.32
6.63
6.51
6.51
4.97
4.97
5.54
5.84
5.79
5.79
8.25
5.90
4.72
4.71
4.71
7.58
7.58
7.58
11.07
16.32
16.32
16.32
16.32
16.32
5.11
4.00
4.00
9.49
9.49
4.98
4.98
23.63
23.63
23.63
6.84
6.42
6.42
6.42
6.42
5.03
6.64
6.64
6.64
17.15
16.96
15.16
15.17
13.77
4.53
4.53
6.30
4.16
4.16
21.10
21.10
10.56
10.56
12.30
12.86
4.02
4.02
4.02
5.19
1958.15
1958.15
1958.15
1999.10
2035.44
2063.25
5.36
5.36
6.13
8.25
8.61
8.61
10.26
10.80
10.80
10.80
12.11
12.11
13.64
13.64
7.26
5.22
7.23
7.23
7.23
10.63
7.05
7.05
10.48
5.40
7.11
7.11
8.14
8.14
8.14
8.88
10.30
10.30
10.30
9.82
9.82
9.82
9.82
6.15
6.15
4.38
9.01
9.01
10.75
5.29
8.23
8.23
8.23
8.23
6.09
6.09
7.50
7.50
7.46
7.46
7.46
9.41
11.18
5.79
8.00
6.52
6.52
6.90
6.90
6.90
6.55
6.55
6.55
6.58
6.58
6.58
6.58
6.58
6.58
5.63
4.62
4.62
4.62
4.67
5.67
6.70
7.24
7.24
7.24
9.80
11.09
11.09
11.09
11.09
7.18
6.67
6.14
6.14
10.48
10.48
8.57
8.57
5.47
5.47
6.53
5.47
5.47
5.47
10.48
10.48
57.79
57.79
57.79
57.79
57.79
57.79
57.79
57.79
57.79
57.79
6.33
7.73
7.73
7.58
8.14
8.14
8.14
8.14
8.14
8.14
4.92
5.39
5.39
4.63
5.05
5.05
4.79
4.79
4.79
4.79
4.32
4.32
5.02
5.02
5.02
5.04
5.80
5.80
5.83
4.85
4.85
4.85
5.65
5.34
7.49
7.49
7.49
4.79
8.33
4.02
4.02
4.74
4.74
4.74
4.74
4.74
6.76
6.76
4.99
4.99
4.99
4.99
7.68
8.97
8.97
8.97
5.26
5.26
10.54
6.07
5.52
5.52
5.49
8.50
8.50
8.50
7.40
10.94
7.40
6.03
10.49
11.70
11.70
11.70
9.15
6.82
6.82
4.48
4.48
5.03
7.98
7.98
6.30
4.94
4.94
4.94
6.86
6.86
6.86
5.94
6.09
6.09
6.09
6.63
6.63
8.11
8.11
8.11
4.11
4.96
4.96
4.96
6.95
4.67
4.67
4.85
4.85
4.85
4.85
4.85
4.08
4.98
5.61
4.06
4.06
4.06
6.77
7.59
7.59
7.59
7.59
7.42
7.42
7.42
7.42
8.27
8.27
6.65
6.65
6.65
4.53
4.53
4.53
7.56
7.56
7.56
7.56
4.65
6.54
6.54
6.54
4.04
3.56
6.73
6.73
6.73
6.73
13.50
9.85
9.85
13.28
10.00
10.00
10.00
10.14
10.14
12.60
12.60
12.60
12.60
6.05
6.05
6.05
6.05
6.55
6.55
6.55
6.55
16.87
20.05
20.21
20.21
20.21
20.21
20.21
6.83
6.83
6.33
7.42
7.42
10.85
4.48
4.48
4.48
4.48
4.48
4.48
7.42
7.42
6.95
6.03
6.27
6.27
6.27
6.27
6.27
6.27
6.27
6.27
6.27
4.15
4.15
4.26
4.26
5.68
5.13
5.45
5.45
5.45
5.45
3.26
5.09
5.09
3.86
6.12
5.71
5.71
5.71
6.03
5.10
5.10
3.68
3.68
8.46
8.77
8.77
8.77
8.77
8.77
4.32
7.90
7.90
5.00
5.00
5.00
5.00
7.90
7.90
3.35
6.10
6.10
6.10
4.17
4.17
8.00
4.00
6.21
4.57
7.95
7.95
7.95
3.58
6.27
3.58
3.58
3.94
3.94
5.46
7.87
5.60
5.95
5.95
5.95
5.95
5.95
4.43
6.32
3.72
6.32
4.11
4.11
5.98
5.44
5.44
5.48
5.24
5.66
5.66
6.85
6.85
7.47
4.63
6.32
6.32
6.32
6.32
6.32
5.31
5.31
6.85
5.26
6.19
6.19
9.34
6.19
9.34
9.34
9.34
9.34
11.52
3.67
3.67
5.16
5.16
6.51
8.36
8.36
6.47
6.47
6.47
9.51
6.03
6.48
6.48
5.13
5.13
5.01
5.01
6.58
6.58
6.58
6.58
6.58
6.58
7.74
6.51
5.01
5.01
3.99
6.87
7.35
7.35
4.45
4.45
4.45
8.55
9.13
9.13
3.90
3.77
5.84
5.84
5.47
5.47
4.12
4.12
4.27
4.27
4.27
6.04
4.30
4.30
4.82
4.09
4.09
4.09
4.09
4.09
9.20
7.69
7.69
7.65
7.32
7.32
7.32
7.32
7.32
3.55
3.55
3.79
3.79
8.19
5.01
5.01
8.01
5.78
10.12
4.59
5.47
5.47
5.47
3.04
3.58
3.08
3.00
3.00
3.00
3.00
3.00
3.00
4.35
4.52
4.79
4.79
4.79
4.79
4.79
4.79
4.79
4.79
4.39
4.43
4.50
4.50
4.50
4.50
4.50
7.07
7.07
4.38
4.46
4.33
7.28
7.28
7.28
3.79
3.79
3.79
4.98
4.98
4.85
4.85
4.85
4.85
4.97
4.97
4.19
2.98
2.98
2.98
2.98
4.58
4.41
5.02
5.02
5.02
7.00
7.00
7.00
6.12
3.25
3.25
3.25
